1:
[[0 0 0]
 [0 0 0]
 [0 0 0]]

2:
[[1 1 0]
 [1 1 0]
 [0 0 0]]

3:
[[0 1 1]
 [0 1 1]
 [0 0 0]]

4:
[[0 0 0]
 [1 1 0]
 [1 1 0]]

5:
[[0 0 0]
 [0 1 1]
 [0 1 1]]

6:
[[1 1 0]
 [0 0 0]
 [0 0 0]]

7:
[[0 1 1]
 [0 0 0]
 [0 0 0]]

8:
[[0 0 0]
 [1 1 0]
 [0 0 0]]

9:
[[0 0 0]
 [0 1 1]
 [0 0 0]]

10:
[[0 0 0]
 [0 0 0]
 [1 1 0]]

11:
[[0 0 0]
 [0 0 0]
 [0 1 1]]

12:
[[1 0 0]
 [1 0 0]
 [0 0 0]]

13:
[[0 1 0]
 [0 1 0]
 [0 0 0]]

14:
[[0 0 1]
 [0 0 1]
 [0 0 0]]

15:
[[0 0 0]
 [1 0 0]
 [1 0 0]]

16:
[[0 0 0]
 [0 1 0]
 [0 1 0]]

17:
[[0 0 0]
 [0 0 1]
 [0 0 1]]

18:
[[1 1 0]
 [1 1 0]
 [2 2 0]]

19:
[[1 1 0]
 [1 1 0]
 [0 2 2]]

20:
[[0 1 1]
 [0 1 1]
 [2 2 0]]

21:
[[0 1 1]
 [0 1 1]
 [0 2 2]]

22:
[[2 2 0]
 [1 1 0]
 [1 1 0]]

23:
[[0 2 2]
 [1 1 0]
 [1 1 0]]

24:
[[2 2 0]
 [0 1 1]
 [0 1 1]]

25:
[[0 2 2]
 [0 1 1]
 [0 1 1]]

26:
[[1 1 2]
 [1 1 2]
 [0 0 0]]

27:
[[1 1 0]
 [1 1 2]
 [0 0 2]]

28:
[[2 1 1]
 [2 1 1]
 [0 0 0]]

29:
[[0 1 1]
 [2 1 1]
 [2 0 0]]

30:
[[0 0 2]
 [1 1 2]
 [1 1 0]]

31:
[[0 0 0]
 [1 1 2]
 [1 1 2]]

32:
[[2 0 0]
 [2 1 1]
 [0 1 1]]

33:
[[0 0 0]
 [2 1 1]
 [2 1 1]]

34:
[[1 1 0]
 [2 2 0]
 [0 0 0]]

35:
[[1 1 0]
 [0 2 2]
 [0 0 0]]

36:
[[1 1 0]
 [0 0 0]
 [2 2 0]]

37:
[[1 1 0]
 [0 0 0]
 [0 2 2]]

38:
[[0 1 1]
 [2 2 0]
 [0 0 0]]

39:
[[0 1 1]
 [0 2 2]
 [0 0 0]]

40:
[[0 1 1]
 [0 0 0]
 [2 2 0]]

41:
[[0 1 1]
 [0 0 0]
 [0 2 2]]

42:
[[0 0 0]
 [1 1 0]
 [2 2 0]]

43:
[[0 0 0]
 [1 1 0]
 [0 2 2]]

44:
[[0 0 0]
 [0 1 1]
 [2 2 0]]

45:
[[0 0 0]
 [0 1 1]
 [0 2 2]]

46:
[[1 1 2]
 [0 0 2]
 [0 0 0]]

47:
[[1 1 0]
 [2 0 0]
 [2 0 0]]

48:
[[1 1 0]
 [0 2 0]
 [0 2 0]]

49:
[[1 1 0]
 [0 0 2]
 [0 0 2]]

50:
[[2 1 1]
 [2 0 0]
 [0 0 0]]

51:
[[0 1 1]
 [2 0 0]
 [2 0 0]]

52:
[[0 1 1]
 [0 2 0]
 [0 2 0]]

53:
[[0 1 1]
 [0 0 2]
 [0 0 2]]

54:
[[0 0 2]
 [1 1 2]
 [0 0 0]]

55:
[[0 0 0]
 [1 1 2]
 [0 0 2]]

56:
[[2 0 0]
 [2 1 1]
 [0 0 0]]

57:
[[0 0 0]
 [2 1 1]
 [2 0 0]]

58:
[[2 0 0]
 [2 0 0]
 [1 1 0]]

59:
[[0 2 0]
 [0 2 0]
 [1 1 0]]

60:
[[0 0 2]
 [0 0 2]
 [1 1 0]]

61:
[[0 0 0]
 [0 0 2]
 [1 1 2]]

62:
[[2 0 0]
 [2 0 0]
 [0 1 1]]

63:
[[0 2 0]
 [0 2 0]
 [0 1 1]]

64:
[[0 0 2]
 [0 0 2]
 [0 1 1]]

65:
[[0 0 0]
 [2 0 0]
 [2 1 1]]

66:
[[1 2 0]
 [1 2 0]
 [0 0 0]]

67:
[[1 0 2]
 [1 0 2]
 [0 0 0]]

68:
[[1 0 0]
 [1 2 0]
 [0 2 0]]

69:
[[1 0 0]
 [1 0 2]
 [0 0 2]]

70:
[[0 1 2]
 [0 1 2]
 [0 0 0]]

71:
[[0 1 0]
 [2 1 0]
 [2 0 0]]

72:
[[0 1 0]
 [0 1 2]
 [0 0 2]]

73:
[[0 0 1]
 [2 0 1]
 [2 0 0]]

74:
[[0 0 1]
 [0 2 1]
 [0 2 0]]

75:
[[0 0 0]
 [1 2 0]
 [1 2 0]]

76:
[[0 0 0]
 [1 0 2]
 [1 0 2]]

77:
[[0 0 0]
 [0 1 2]
 [0 1 2]]

78:
[[1 1 3]
 [1 1 3]
 [2 2 0]]

79:
[[1 1 0]
 [1 1 3]
 [2 2 3]]

80:
[[1 1 3]
 [1 1 3]
 [0 2 2]]

81:
[[3 1 1]
 [3 1 1]
 [2 2 0]]

82:
[[3 1 1]
 [3 1 1]
 [0 2 2]]

83:
[[0 1 1]
 [3 1 1]
 [3 2 2]]

84:
[[2 2 3]
 [1 1 3]
 [1 1 0]]

85:
[[2 2 0]
 [1 1 3]
 [1 1 3]]

86:
[[0 2 2]
 [1 1 3]
 [1 1 3]]

87:
[[2 2 0]
 [3 1 1]
 [3 1 1]]

88:
[[3 2 2]
 [3 1 1]
 [0 1 1]]

89:
[[0 2 2]
 [3 1 1]
 [3 1 1]]

90:
[[1 1 0]
 [2 2 0]
 [3 3 0]]

91:
[[1 1 0]
 [2 2 0]
 [0 3 3]]

92:
[[1 1 0]
 [0 2 2]
 [3 3 0]]

93:
[[1 1 0]
 [0 2 2]
 [0 3 3]]

94:
[[0 1 1]
 [2 2 0]
 [3 3 0]]

95:
[[0 1 1]
 [2 2 0]
 [0 3 3]]

96:
[[0 1 1]
 [0 2 2]
 [3 3 0]]

97:
[[0 1 1]
 [0 2 2]
 [0 3 3]]

98:
[[1 1 3]
 [2 2 3]
 [0 0 0]]

99:
[[1 1 0]
 [2 2 3]
 [0 0 3]]

100:
[[1 1 0]
 [3 2 2]
 [3 0 0]]

101:
[[1 1 3]
 [0 0 3]
 [2 2 0]]

102:
[[1 1 0]
 [0 0 3]
 [2 2 3]]

103:
[[1 1 3]
 [0 0 3]
 [0 2 2]]

104:
[[1 1 0]
 [3 0 0]
 [3 2 2]]

105:
[[0 1 1]
 [2 2 3]
 [0 0 3]]

106:
[[3 1 1]
 [3 2 2]
 [0 0 0]]

107:
[[0 1 1]
 [3 2 2]
 [3 0 0]]

108:
[[3 1 1]
 [3 0 0]
 [2 2 0]]

109:
[[0 1 1]
 [0 0 3]
 [2 2 3]]

110:
[[3 1 1]
 [3 0 0]
 [0 2 2]]

111:
[[0 1 1]
 [3 0 0]
 [3 2 2]]

112:
[[0 0 3]
 [1 1 3]
 [2 2 0]]

113:
[[0 0 0]
 [1 1 3]
 [2 2 3]]

114:
[[0 0 3]
 [1 1 3]
 [0 2 2]]

115:
[[3 0 0]
 [3 1 1]
 [2 2 0]]

116:
[[3 0 0]
 [3 1 1]
 [0 2 2]]

117:
[[0 0 0]
 [3 1 1]
 [3 2 2]]

118:
[[1 1 2]
 [3 0 2]
 [3 0 0]]

119:
[[1 1 2]
 [0 3 2]
 [0 3 0]]

120:
[[1 1 0]
 [2 3 0]
 [2 3 0]]

121:
[[1 1 0]
 [2 0 3]
 [2 0 3]]

122:
[[1 1 0]
 [0 2 3]
 [0 2 3]]

123:
[[2 1 1]
 [2 3 0]
 [0 3 0]]

124:
[[2 1 1]
 [2 0 3]
 [0 0 3]]

125:
[[0 1 1]
 [2 3 0]
 [2 3 0]]

126:
[[0 1 1]
 [2 0 3]
 [2 0 3]]

127:
[[0 1 1]
 [0 2 3]
 [0 2 3]]

128:
[[2 3 0]
 [2 3 0]
 [1 1 0]]

129:
[[2 0 3]
 [2 0 3]
 [1 1 0]]

130:
[[2 0 0]
 [2 0 3]
 [1 1 3]]

131:
[[0 2 3]
 [0 2 3]
 [1 1 0]]

132:
[[0 2 0]
 [0 2 3]
 [1 1 3]]

133:
[[2 3 0]
 [2 3 0]
 [0 1 1]]

134:
[[2 0 3]
 [2 0 3]
 [0 1 1]]

135:
[[0 2 3]
 [0 2 3]
 [0 1 1]]

136:
[[0 2 0]
 [3 2 0]
 [3 1 1]]

137:
[[0 0 2]
 [3 0 2]
 [3 1 1]]

138:
[[1 2 3]
 [1 2 3]
 [0 0 0]]

139:
[[1 2 0]
 [1 2 3]
 [0 0 3]]

140:
[[1 0 2]
 [1 3 2]
 [0 3 0]]

141:
[[1 0 0]
 [1 2 3]
 [0 2 3]]

142:
[[0 1 2]
 [3 1 2]
 [3 0 0]]

143:
[[0 1 0]
 [2 1 3]
 [2 0 3]]

144:
[[0 0 1]
 [2 3 1]
 [2 3 0]]

145:
[[0 0 0]
 [1 2 3]
 [1 2 3]]

146:
[[1 1 4]
 [2 2 4]
 [3 3 0]]

147:
[[1 1 0]
 [2 2 4]
 [3 3 4]]

148:
[[1 1 4]
 [2 2 4]
 [0 3 3]]

149:
[[1 1 0]
 [4 2 2]
 [4 3 3]]

150:
[[0 1 1]
 [2 2 4]
 [3 3 4]]

151:
[[4 1 1]
 [4 2 2]
 [3 3 0]]

152:
[[4 1 1]
 [4 2 2]
 [0 3 3]]

153:
[[0 1 1]
 [4 2 2]
 [4 3 3]]

154:
[[1 1 3]
 [4 0 3]
 [4 2 2]]

155:
[[3 1 1]
 [3 0 4]
 [2 2 4]]

156:
[[1 1 2]
 [3 4 2]
 [3 4 0]]

157:
[[1 1 0]
 [2 3 4]
 [2 3 4]]

158:
[[2 1 1]
 [2 3 4]
 [0 3 4]]

159:
[[0 1 1]
 [2 3 4]
 [2 3 4]]

160:
[[2 3 4]
 [2 3 4]
 [1 1 0]]

161:
[[2 3 0]
 [2 3 4]
 [1 1 4]]

162:
[[2 3 4]
 [2 3 4]
 [0 1 1]]

163:
[[0 2 3]
 [4 2 3]
 [4 1 1]]

For 3 x 3 rectangles:
With tile offsets:
np.array(
            [
                [[0, 1], [1,1], [1, 0]], #2x2 square shaped tile
                [[0,1]],                 #horizontal domino
                [[1,0]]                  #vertical domino
            ], dtype=object
        )
The number of tilings is: 163
