1:
[[0 0 0]
 [0 0 0]
 [0 0 0]]

((), (), (), ())

2:
[[1 1 0]
 [0 1 0]
 [0 0 0]]

(((0, 0),), (), (), ())

3:
[[0 1 1]
 [0 0 1]
 [0 0 0]]

(((0, 1),), (), (), ())

4:
[[0 0 0]
 [1 1 0]
 [0 1 0]]

(((1, 0),), (), (), ())

5:
[[0 0 0]
 [0 1 1]
 [0 0 1]]

(((1, 1),), (), (), ())

6:
[[0 1 0]
 [1 1 0]
 [0 0 0]]

((), ((0, 1),), (), ())

7:
[[0 0 1]
 [0 1 1]
 [0 0 0]]

((), ((0, 2),), (), ())

8:
[[0 0 0]
 [0 1 0]
 [1 1 0]]

((), ((1, 1),), (), ())

9:
[[0 0 0]
 [0 0 1]
 [0 1 1]]

((), ((1, 2),), (), ())

10:
[[1 0 0]
 [1 1 0]
 [0 0 0]]

((), (), ((0, 0),), ())

11:
[[0 1 0]
 [0 1 1]
 [0 0 0]]

((), (), ((0, 1),), ())

12:
[[0 0 0]
 [1 0 0]
 [1 1 0]]

((), (), ((1, 0),), ())

13:
[[0 0 0]
 [0 1 0]
 [0 1 1]]

((), (), ((1, 1),), ())

14:
[[1 1 0]
 [1 0 0]
 [0 0 0]]

((), (), (), ((0, 0),))

15:
[[0 1 1]
 [0 1 0]
 [0 0 0]]

((), (), (), ((0, 1),))

16:
[[0 0 0]
 [1 1 0]
 [1 0 0]]

((), (), (), ((1, 0),))

17:
[[0 0 0]
 [0 1 1]
 [0 1 0]]

((), (), (), ((1, 1),))

18:
[[0 1 1]
 [2 2 1]
 [0 2 0]]

(((0, 1), (1, 0)), (), (), ())

19:
[[1 1 0]
 [0 1 2]
 [0 2 2]]

(((0, 0),), ((1, 2),), (), ())

20:
[[0 1 1]
 [0 2 1]
 [2 2 0]]

(((0, 1),), ((1, 1),), (), ())

21:
[[1 1 0]
 [2 1 0]
 [2 2 0]]

(((0, 0),), (), ((1, 0),), ())

22:
[[2 1 1]
 [2 2 1]
 [0 0 0]]

(((0, 1),), (), ((0, 0),), ())

23:
[[0 1 1]
 [2 0 1]
 [2 2 0]]

(((0, 1),), (), ((1, 0),), ())

24:
[[0 1 1]
 [0 2 1]
 [0 2 2]]

(((0, 1),), (), ((1, 1),), ())

25:
[[0 0 0]
 [2 1 1]
 [2 2 1]]

(((1, 1),), (), ((1, 0),), ())

26:
[[0 1 1]
 [2 2 1]
 [2 0 0]]

(((0, 1),), (), (), ((1, 0),))

27:
[[2 2 0]
 [2 1 1]
 [0 0 1]]

(((1, 1),), (), (), ((0, 0),))

28:
[[0 1 0]
 [1 1 2]
 [0 2 2]]

((), ((0, 1), (1, 2)), (), ())

29:
[[0 0 1]
 [2 1 1]
 [2 2 0]]

((), ((0, 2),), ((1, 0),), ())

30:
[[2 0 0]
 [2 2 1]
 [0 1 1]]

((), ((1, 2),), ((0, 0),), ())

31:
[[2 2 1]
 [2 1 1]
 [0 0 0]]

((), ((0, 2),), (), ((0, 0),))

32:
[[2 2 0]
 [2 1 0]
 [1 1 0]]

((), ((1, 1),), (), ((0, 0),))

33:
[[2 2 0]
 [2 0 1]
 [0 1 1]]

((), ((1, 2),), (), ((0, 0),))

34:
[[0 2 2]
 [0 2 1]
 [0 1 1]]

((), ((1, 2),), (), ((0, 1),))

35:
[[0 0 0]
 [2 2 1]
 [2 1 1]]

((), ((1, 2),), (), ((1, 0),))

36:
[[0 1 0]
 [2 1 1]
 [2 2 0]]

((), (), ((0, 1), (1, 0)), ())

37:
[[0 2 2]
 [1 2 0]
 [1 1 0]]

((), (), ((1, 0),), ((0, 1),))

38:
[[2 2 0]
 [2 1 0]
 [0 1 1]]

((), (), ((1, 1),), ((0, 0),))

39:
[[1 1 0]
 [1 2 2]
 [0 2 0]]

((), (), (), ((0, 0), (1, 1)))

For 3 x 3 rectangles:
The number of tilings is: 39
