1:
[[0 0 0 0]
 [0 0 0 0]
 [0 0 0 0]]

[(), (), (), ()]

2:
[[1 1 0 0]
 [0 1 0 0]
 [0 0 0 0]]

[(array([0, 0]),), (), (), ()]

3:
[[0 1 1 0]
 [0 0 1 0]
 [0 0 0 0]]

[(array([0, 1]),), (), (), ()]

4:
[[0 0 1 1]
 [0 0 0 1]
 [0 0 0 0]]

[(array([0, 2]),), (), (), ()]

5:
[[0 0 0 0]
 [1 1 0 0]
 [0 1 0 0]]

[(array([1, 0]),), (), (), ()]

6:
[[0 0 0 0]
 [0 1 1 0]
 [0 0 1 0]]

[(array([1, 1]),), (), (), ()]

7:
[[0 0 0 0]
 [0 0 1 1]
 [0 0 0 1]]

[(array([1, 2]),), (), (), ()]

8:
[[0 1 0 0]
 [1 1 0 0]
 [0 0 0 0]]

[(), (array([0, 1]),), (), ()]

9:
[[0 0 1 0]
 [0 1 1 0]
 [0 0 0 0]]

[(), (array([0, 2]),), (), ()]

10:
[[0 0 0 1]
 [0 0 1 1]
 [0 0 0 0]]

[(), (array([0, 3]),), (), ()]

11:
[[0 0 0 0]
 [0 1 0 0]
 [1 1 0 0]]

[(), (array([1, 1]),), (), ()]

12:
[[0 0 0 0]
 [0 0 1 0]
 [0 1 1 0]]

[(), (array([1, 2]),), (), ()]

13:
[[0 0 0 0]
 [0 0 0 1]
 [0 0 1 1]]

[(), (array([1, 3]),), (), ()]

14:
[[1 0 0 0]
 [1 1 0 0]
 [0 0 0 0]]

[(), (), (array([0, 0]),), ()]

15:
[[0 1 0 0]
 [0 1 1 0]
 [0 0 0 0]]

[(), (), (array([0, 1]),), ()]

16:
[[0 0 1 0]
 [0 0 1 1]
 [0 0 0 0]]

[(), (), (array([0, 2]),), ()]

17:
[[0 0 0 0]
 [1 0 0 0]
 [1 1 0 0]]

[(), (), (array([1, 0]),), ()]

18:
[[0 0 0 0]
 [0 1 0 0]
 [0 1 1 0]]

[(), (), (array([1, 1]),), ()]

19:
[[0 0 0 0]
 [0 0 1 0]
 [0 0 1 1]]

[(), (), (array([1, 2]),), ()]

20:
[[1 1 0 0]
 [1 0 0 0]
 [0 0 0 0]]

[(), (), (), (array([0, 0]),)]

21:
[[0 1 1 0]
 [0 1 0 0]
 [0 0 0 0]]

[(), (), (), (array([0, 1]),)]

22:
[[0 0 1 1]
 [0 0 1 0]
 [0 0 0 0]]

[(), (), (), (array([0, 2]),)]

23:
[[0 0 0 0]
 [1 1 0 0]
 [1 0 0 0]]

[(), (), (), (array([1, 0]),)]

24:
[[0 0 0 0]
 [0 1 1 0]
 [0 1 0 0]]

[(), (), (), (array([1, 1]),)]

25:
[[0 0 0 0]
 [0 0 1 1]
 [0 0 1 0]]

[(), (), (), (array([1, 2]),)]

26:
[[1 1 2 2]
 [0 1 0 2]
 [0 0 0 0]]

[(array([0, 0]), array([0, 2])), (), (), ()]

27:
[[1 1 0 0]
 [0 1 2 2]
 [0 0 0 2]]

[(array([0, 0]), array([1, 2])), (), (), ()]

28:
[[0 1 1 0]
 [2 2 1 0]
 [0 2 0 0]]

[(array([0, 1]), array([1, 0])), (), (), ()]

29:
[[0 0 1 1]
 [2 2 0 1]
 [0 2 0 0]]

[(array([0, 2]), array([1, 0])), (), (), ()]

30:
[[0 0 1 1]
 [0 2 2 1]
 [0 0 2 0]]

[(array([0, 2]), array([1, 1])), (), (), ()]

31:
[[0 0 0 0]
 [1 1 2 2]
 [0 1 0 2]]

[(array([1, 0]), array([1, 2])), (), (), ()]

32:
[[1 1 0 2]
 [0 1 2 2]
 [0 0 0 0]]

[(array([0, 0]),), (array([0, 3]),), (), ()]

33:
[[1 1 0 0]
 [0 1 2 0]
 [0 2 2 0]]

[(array([0, 0]),), (array([1, 2]),), (), ()]

34:
[[1 1 0 0]
 [0 1 0 2]
 [0 0 2 2]]

[(array([0, 0]),), (array([1, 3]),), (), ()]

35:
[[0 1 1 0]
 [0 2 1 0]
 [2 2 0 0]]

[(array([0, 1]),), (array([1, 1]),), (), ()]

36:
[[0 1 1 0]
 [0 0 1 2]
 [0 0 2 2]]

[(array([0, 1]),), (array([1, 3]),), (), ()]

37:
[[0 2 1 1]
 [2 2 0 1]
 [0 0 0 0]]

[(array([0, 2]),), (array([0, 1]),), (), ()]

38:
[[0 0 1 1]
 [0 2 0 1]
 [2 2 0 0]]

[(array([0, 2]),), (array([1, 1]),), (), ()]

39:
[[0 0 1 1]
 [0 0 2 1]
 [0 2 2 0]]

[(array([0, 2]),), (array([1, 2]),), (), ()]

40:
[[0 0 0 2]
 [1 1 2 2]
 [0 1 0 0]]

[(array([1, 0]),), (array([0, 3]),), (), ()]

41:
[[0 0 0 0]
 [1 1 0 2]
 [0 1 2 2]]

[(array([1, 0]),), (array([1, 3]),), (), ()]

42:
[[0 2 0 0]
 [2 2 1 1]
 [0 0 0 1]]

[(array([1, 2]),), (array([0, 1]),), (), ()]

43:
[[0 0 0 0]
 [0 2 1 1]
 [2 2 0 1]]

[(array([1, 2]),), (array([1, 1]),), (), ()]

44:
[[1 1 2 0]
 [0 1 2 2]
 [0 0 0 0]]

[(array([0, 0]),), (), (array([0, 2]),), ()]

45:
[[1 1 0 0]
 [2 1 0 0]
 [2 2 0 0]]

[(array([0, 0]),), (), (array([1, 0]),), ()]

46:
[[1 1 0 0]
 [0 1 2 0]
 [0 0 2 2]]

[(array([0, 0]),), (), (array([1, 2]),), ()]

47:
[[2 1 1 0]
 [2 2 1 0]
 [0 0 0 0]]

[(array([0, 1]),), (), (array([0, 0]),), ()]

48:
[[0 1 1 0]
 [2 0 1 0]
 [2 2 0 0]]

[(array([0, 1]),), (), (array([1, 0]),), ()]

49:
[[0 1 1 0]
 [0 2 1 0]
 [0 2 2 0]]

[(array([0, 1]),), (), (array([1, 1]),), ()]

50:
[[2 0 1 1]
 [2 2 0 1]
 [0 0 0 0]]

[(array([0, 2]),), (), (array([0, 0]),), ()]

51:
[[0 2 1 1]
 [0 2 2 1]
 [0 0 0 0]]

[(array([0, 2]),), (), (array([0, 1]),), ()]

52:
[[0 0 1 1]
 [2 0 0 1]
 [2 2 0 0]]

[(array([0, 2]),), (), (array([1, 0]),), ()]

53:
[[0 0 1 1]
 [0 2 0 1]
 [0 2 2 0]]

[(array([0, 2]),), (), (array([1, 1]),), ()]

54:
[[0 0 1 1]
 [0 0 2 1]
 [0 0 2 2]]

[(array([0, 2]),), (), (array([1, 2]),), ()]

55:
[[0 0 2 0]
 [1 1 2 2]
 [0 1 0 0]]

[(array([1, 0]),), (), (array([0, 2]),), ()]

56:
[[0 0 0 0]
 [1 1 2 0]
 [0 1 2 2]]

[(array([1, 0]),), (), (array([1, 2]),), ()]

57:
[[0 0 0 0]
 [2 1 1 0]
 [2 2 1 0]]

[(array([1, 1]),), (), (array([1, 0]),), ()]

58:
[[2 0 0 0]
 [2 2 1 1]
 [0 0 0 1]]

[(array([1, 2]),), (), (array([0, 0]),), ()]

59:
[[0 0 0 0]
 [2 0 1 1]
 [2 2 0 1]]

[(array([1, 2]),), (), (array([1, 0]),), ()]

60:
[[0 0 0 0]
 [0 2 1 1]
 [0 2 2 1]]

[(array([1, 2]),), (), (array([1, 1]),), ()]

61:
[[1 1 2 2]
 [0 1 2 0]
 [0 0 0 0]]

[(array([0, 0]),), (), (), (array([0, 2]),)]

62:
[[1 1 0 0]
 [0 1 2 2]
 [0 0 2 0]]

[(array([0, 0]),), (), (), (array([1, 2]),)]

63:
[[0 1 1 0]
 [2 2 1 0]
 [2 0 0 0]]

[(array([0, 1]),), (), (), (array([1, 0]),)]

64:
[[2 2 1 1]
 [2 0 0 1]
 [0 0 0 0]]

[(array([0, 2]),), (), (), (array([0, 0]),)]

65:
[[0 0 1 1]
 [2 2 0 1]
 [2 0 0 0]]

[(array([0, 2]),), (), (), (array([1, 0]),)]

66:
[[0 0 1 1]
 [0 2 2 1]
 [0 2 0 0]]

[(array([0, 2]),), (), (), (array([1, 1]),)]

67:
[[0 0 2 2]
 [1 1 2 0]
 [0 1 0 0]]

[(array([1, 0]),), (), (), (array([0, 2]),)]

68:
[[0 0 0 0]
 [1 1 2 2]
 [0 1 2 0]]

[(array([1, 0]),), (), (), (array([1, 2]),)]

69:
[[2 2 0 0]
 [2 1 1 0]
 [0 0 1 0]]

[(array([1, 1]),), (), (), (array([0, 0]),)]

70:
[[2 2 0 0]
 [2 0 1 1]
 [0 0 0 1]]

[(array([1, 2]),), (), (), (array([0, 0]),)]

71:
[[0 2 2 0]
 [0 2 1 1]
 [0 0 0 1]]

[(array([1, 2]),), (), (), (array([0, 1]),)]

72:
[[0 0 0 0]
 [2 2 1 1]
 [2 0 0 1]]

[(array([1, 2]),), (), (), (array([1, 0]),)]

73:
[[0 1 0 2]
 [1 1 2 2]
 [0 0 0 0]]

[(), (array([0, 1]), array([0, 3])), (), ()]

74:
[[0 1 0 0]
 [1 1 2 0]
 [0 2 2 0]]

[(), (array([0, 1]), array([1, 2])), (), ()]

75:
[[0 1 0 0]
 [1 1 0 2]
 [0 0 2 2]]

[(), (array([0, 1]), array([1, 3])), (), ()]

76:
[[0 0 1 0]
 [0 1 1 2]
 [0 0 2 2]]

[(), (array([0, 2]), array([1, 3])), (), ()]

77:
[[0 0 0 1]
 [0 2 1 1]
 [2 2 0 0]]

[(), (array([0, 3]), array([1, 1])), (), ()]

78:
[[0 0 0 0]
 [0 1 0 2]
 [1 1 2 2]]

[(), (array([1, 1]), array([1, 3])), (), ()]

79:
[[0 1 2 0]
 [1 1 2 2]
 [0 0 0 0]]

[(), (array([0, 1]),), (array([0, 2]),), ()]

80:
[[0 1 0 0]
 [1 1 2 0]
 [0 0 2 2]]

[(), (array([0, 1]),), (array([1, 2]),), ()]

81:
[[0 0 1 0]
 [2 1 1 0]
 [2 2 0 0]]

[(), (array([0, 2]),), (array([1, 0]),), ()]

82:
[[2 0 0 1]
 [2 2 1 1]
 [0 0 0 0]]

[(), (array([0, 3]),), (array([0, 0]),), ()]

83:
[[0 0 0 1]
 [2 0 1 1]
 [2 2 0 0]]

[(), (array([0, 3]),), (array([1, 0]),), ()]

84:
[[0 0 0 1]
 [0 2 1 1]
 [0 2 2 0]]

[(), (array([0, 3]),), (array([1, 1]),), ()]

85:
[[0 0 2 0]
 [0 1 2 2]
 [1 1 0 0]]

[(), (array([1, 1]),), (array([0, 2]),), ()]

86:
[[0 0 0 0]
 [0 1 2 0]
 [1 1 2 2]]

[(), (array([1, 1]),), (array([1, 2]),), ()]

87:
[[2 0 0 0]
 [2 2 1 0]
 [0 1 1 0]]

[(), (array([1, 2]),), (array([0, 0]),), ()]

88:
[[2 0 0 0]
 [2 2 0 1]
 [0 0 1 1]]

[(), (array([1, 3]),), (array([0, 0]),), ()]

89:
[[0 2 0 0]
 [0 2 2 1]
 [0 0 1 1]]

[(), (array([1, 3]),), (array([0, 1]),), ()]

90:
[[0 0 0 0]
 [2 0 0 1]
 [2 2 1 1]]

[(), (array([1, 3]),), (array([1, 0]),), ()]

91:
[[0 1 2 2]
 [1 1 2 0]
 [0 0 0 0]]

[(), (array([0, 1]),), (), (array([0, 2]),)]

92:
[[0 1 0 0]
 [1 1 2 2]
 [0 0 2 0]]

[(), (array([0, 1]),), (), (array([1, 2]),)]

93:
[[2 2 1 0]
 [2 1 1 0]
 [0 0 0 0]]

[(), (array([0, 2]),), (), (array([0, 0]),)]

94:
[[2 2 0 1]
 [2 0 1 1]
 [0 0 0 0]]

[(), (array([0, 3]),), (), (array([0, 0]),)]

95:
[[0 2 2 1]
 [0 2 1 1]
 [0 0 0 0]]

[(), (array([0, 3]),), (), (array([0, 1]),)]

96:
[[0 0 0 1]
 [2 2 1 1]
 [2 0 0 0]]

[(), (array([0, 3]),), (), (array([1, 0]),)]

97:
[[2 2 0 0]
 [2 1 0 0]
 [1 1 0 0]]

[(), (array([1, 1]),), (), (array([0, 0]),)]

98:
[[0 0 2 2]
 [0 1 2 0]
 [1 1 0 0]]

[(), (array([1, 1]),), (), (array([0, 2]),)]

99:
[[0 0 0 0]
 [0 1 2 2]
 [1 1 2 0]]

[(), (array([1, 1]),), (), (array([1, 2]),)]

100:
[[2 2 0 0]
 [2 0 1 0]
 [0 1 1 0]]

[(), (array([1, 2]),), (), (array([0, 0]),)]

101:
[[0 2 2 0]
 [0 2 1 0]
 [0 1 1 0]]

[(), (array([1, 2]),), (), (array([0, 1]),)]

102:
[[0 0 0 0]
 [2 2 1 0]
 [2 1 1 0]]

[(), (array([1, 2]),), (), (array([1, 0]),)]

103:
[[2 2 0 0]
 [2 0 0 1]
 [0 0 1 1]]

[(), (array([1, 3]),), (), (array([0, 0]),)]

104:
[[0 2 2 0]
 [0 2 0 1]
 [0 0 1 1]]

[(), (array([1, 3]),), (), (array([0, 1]),)]

105:
[[0 0 2 2]
 [0 0 2 1]
 [0 0 1 1]]

[(), (array([1, 3]),), (), (array([0, 2]),)]

106:
[[0 0 0 0]
 [2 2 0 1]
 [2 0 1 1]]

[(), (array([1, 3]),), (), (array([1, 0]),)]

107:
[[0 0 0 0]
 [0 2 2 1]
 [0 2 1 1]]

[(), (array([1, 3]),), (), (array([1, 1]),)]

108:
[[1 0 2 0]
 [1 1 2 2]
 [0 0 0 0]]

[(), (), (array([0, 0]), array([0, 2])), ()]

109:
[[1 0 0 0]
 [1 1 2 0]
 [0 0 2 2]]

[(), (), (array([0, 0]), array([1, 2])), ()]

110:
[[0 1 0 0]
 [2 1 1 0]
 [2 2 0 0]]

[(), (), (array([0, 1]), array([1, 0])), ()]

111:
[[0 0 1 0]
 [2 0 1 1]
 [2 2 0 0]]

[(), (), (array([0, 2]), array([1, 0])), ()]

112:
[[0 0 1 0]
 [0 2 1 1]
 [0 2 2 0]]

[(), (), (array([0, 2]), array([1, 1])), ()]

113:
[[0 0 0 0]
 [1 0 2 0]
 [1 1 2 2]]

[(), (), (array([1, 0]), array([1, 2])), ()]

114:
[[1 0 2 2]
 [1 1 2 0]
 [0 0 0 0]]

[(), (), (array([0, 0]),), (array([0, 2]),)]

115:
[[1 0 0 0]
 [1 1 2 2]
 [0 0 2 0]]

[(), (), (array([0, 0]),), (array([1, 2]),)]

116:
[[2 2 1 0]
 [2 0 1 1]
 [0 0 0 0]]

[(), (), (array([0, 2]),), (array([0, 0]),)]

117:
[[0 0 1 0]
 [2 2 1 1]
 [2 0 0 0]]

[(), (), (array([0, 2]),), (array([1, 0]),)]

118:
[[0 2 2 0]
 [1 2 0 0]
 [1 1 0 0]]

[(), (), (array([1, 0]),), (array([0, 1]),)]

119:
[[0 0 2 2]
 [1 0 2 0]
 [1 1 0 0]]

[(), (), (array([1, 0]),), (array([0, 2]),)]

120:
[[0 0 0 0]
 [1 0 2 2]
 [1 1 2 0]]

[(), (), (array([1, 0]),), (array([1, 2]),)]

121:
[[2 2 0 0]
 [2 1 0 0]
 [0 1 1 0]]

[(), (), (array([1, 1]),), (array([0, 0]),)]

122:
[[0 0 2 2]
 [0 1 2 0]
 [0 1 1 0]]

[(), (), (array([1, 1]),), (array([0, 2]),)]

123:
[[2 2 0 0]
 [2 0 1 0]
 [0 0 1 1]]

[(), (), (array([1, 2]),), (array([0, 0]),)]

124:
[[0 2 2 0]
 [0 2 1 0]
 [0 0 1 1]]

[(), (), (array([1, 2]),), (array([0, 1]),)]

125:
[[0 0 0 0]
 [2 2 1 0]
 [2 0 1 1]]

[(), (), (array([1, 2]),), (array([1, 0]),)]

126:
[[1 1 2 2]
 [1 0 2 0]
 [0 0 0 0]]

[(), (), (), (array([0, 0]), array([0, 2]))]

127:
[[1 1 0 0]
 [1 2 2 0]
 [0 2 0 0]]

[(), (), (), (array([0, 0]), array([1, 1]))]

128:
[[1 1 0 0]
 [1 0 2 2]
 [0 0 2 0]]

[(), (), (), (array([0, 0]), array([1, 2]))]

129:
[[0 1 1 0]
 [0 1 2 2]
 [0 0 2 0]]

[(), (), (), (array([0, 1]), array([1, 2]))]

130:
[[0 0 1 1]
 [2 2 1 0]
 [2 0 0 0]]

[(), (), (), (array([0, 2]), array([1, 0]))]

131:
[[0 0 0 0]
 [1 1 2 2]
 [1 0 2 0]]

[(), (), (), (array([1, 0]), array([1, 2]))]

132:
[[1 1 2 2]
 [0 1 3 2]
 [0 3 3 0]]

[(array([0, 0]), array([0, 2])), (array([1, 2]),), (), ()]

133:
[[0 1 1 0]
 [2 2 1 3]
 [0 2 3 3]]

[(array([0, 1]), array([1, 0])), (array([1, 3]),), (), ()]

134:
[[1 1 2 2]
 [3 1 0 2]
 [3 3 0 0]]

[(array([0, 0]), array([0, 2])), (), (array([1, 0]),), ()]

135:
[[1 1 2 2]
 [0 1 3 2]
 [0 0 3 3]]

[(array([0, 0]), array([0, 2])), (), (array([1, 2]),), ()]

136:
[[1 1 0 0]
 [3 1 2 2]
 [3 3 0 2]]

[(array([0, 0]), array([1, 2])), (), (array([1, 0]),), ()]

137:
[[0 0 1 1]
 [2 2 3 1]
 [0 2 3 3]]

[(array([0, 2]), array([1, 0])), (), (array([1, 2]),), ()]

138:
[[0 0 1 1]
 [3 2 2 1]
 [3 3 2 0]]

[(array([0, 2]), array([1, 1])), (), (array([1, 0]),), ()]

139:
[[3 3 1 1]
 [3 2 2 1]
 [0 0 2 0]]

[(array([0, 2]), array([1, 1])), (), (), (array([0, 0]),)]

140:
[[0 1 1 0]
 [0 2 1 3]
 [2 2 3 3]]

[(array([0, 1]),), (array([1, 1]), array([1, 3])), (), ()]

141:
[[0 2 1 1]
 [2 2 3 1]
 [0 3 3 0]]

[(array([0, 2]),), (array([0, 1]), array([1, 2])), (), ()]

142:
[[1 1 0 2]
 [3 1 2 2]
 [3 3 0 0]]

[(array([0, 0]),), (array([0, 3]),), (array([1, 0]),), ()]

143:
[[1 1 0 0]
 [3 1 0 2]
 [3 3 2 2]]

[(array([0, 0]),), (array([1, 3]),), (array([1, 0]),), ()]

144:
[[3 1 1 0]
 [3 3 1 2]
 [0 0 2 2]]

[(array([0, 1]),), (array([1, 3]),), (array([0, 0]),), ()]

145:
[[0 1 1 0]
 [3 0 1 2]
 [3 3 2 2]]

[(array([0, 1]),), (array([1, 3]),), (array([1, 0]),), ()]

146:
[[0 2 1 1]
 [2 2 3 1]
 [0 0 3 3]]

[(array([0, 2]),), (array([0, 1]),), (array([1, 2]),), ()]

147:
[[0 0 1 1]
 [0 2 3 1]
 [2 2 3 3]]

[(array([0, 2]),), (array([1, 1]),), (array([1, 2]),), ()]

148:
[[3 0 1 1]
 [3 3 2 1]
 [0 2 2 0]]

[(array([0, 2]),), (array([1, 2]),), (array([0, 0]),), ()]

149:
[[1 1 3 3]
 [0 1 3 2]
 [0 0 2 2]]

[(array([0, 0]),), (array([1, 3]),), (), (array([0, 2]),)]

150:
[[0 1 1 0]
 [3 3 1 2]
 [3 0 2 2]]

[(array([0, 1]),), (array([1, 3]),), (), (array([1, 0]),)]

151:
[[3 3 1 1]
 [3 2 0 1]
 [2 2 0 0]]

[(array([0, 2]),), (array([1, 1]),), (), (array([0, 0]),)]

152:
[[3 3 1 1]
 [3 0 2 1]
 [0 2 2 0]]

[(array([0, 2]),), (array([1, 2]),), (), (array([0, 0]),)]

153:
[[0 0 1 1]
 [3 3 2 1]
 [3 2 2 0]]

[(array([0, 2]),), (array([1, 2]),), (), (array([1, 0]),)]

154:
[[0 0 3 3]
 [1 1 3 2]
 [0 1 2 2]]

[(array([1, 0]),), (array([1, 3]),), (), (array([0, 2]),)]

155:
[[3 3 0 0]
 [3 2 1 1]
 [2 2 0 1]]

[(array([1, 2]),), (array([1, 1]),), (), (array([0, 0]),)]

156:
[[1 1 2 0]
 [3 1 2 2]
 [3 3 0 0]]

[(array([0, 0]),), (), (array([0, 2]), array([1, 0])), ()]

157:
[[1 1 0 0]
 [2 1 3 0]
 [2 2 3 3]]

[(array([0, 0]),), (), (array([1, 0]), array([1, 2])), ()]

158:
[[2 0 1 1]
 [2 2 3 1]
 [0 0 3 3]]

[(array([0, 2]),), (), (array([0, 0]), array([1, 2])), ()]

159:
[[0 2 1 1]
 [3 2 2 1]
 [3 3 0 0]]

[(array([0, 2]),), (), (array([0, 1]), array([1, 0])), ()]

160:
[[0 0 1 1]
 [2 0 3 1]
 [2 2 3 3]]

[(array([0, 2]),), (), (array([1, 0]), array([1, 2])), ()]

161:
[[1 1 3 3]
 [2 1 3 0]
 [2 2 0 0]]

[(array([0, 0]),), (), (array([1, 0]),), (array([0, 2]),)]

162:
[[1 1 0 0]
 [2 1 3 3]
 [2 2 3 0]]

[(array([0, 0]),), (), (array([1, 0]),), (array([1, 2]),)]

163:
[[3 3 1 1]
 [3 2 0 1]
 [0 2 2 0]]

[(array([0, 2]),), (), (array([1, 1]),), (array([0, 0]),)]

164:
[[3 3 1 1]
 [3 0 2 1]
 [0 0 2 2]]

[(array([0, 2]),), (), (array([1, 2]),), (array([0, 0]),)]

165:
[[0 0 1 1]
 [3 3 2 1]
 [3 0 2 2]]

[(array([0, 2]),), (), (array([1, 2]),), (array([1, 0]),)]

166:
[[0 3 3 0]
 [2 3 1 1]
 [2 2 0 1]]

[(array([1, 2]),), (), (array([1, 0]),), (array([0, 1]),)]

167:
[[3 3 0 0]
 [3 2 1 1]
 [0 2 2 1]]

[(array([1, 2]),), (), (array([1, 1]),), (array([0, 0]),)]

168:
[[2 2 1 1]
 [2 3 3 1]
 [0 3 0 0]]

[(array([0, 2]),), (), (), (array([0, 0]), array([1, 1]))]

169:
[[0 0 1 0]
 [3 1 1 2]
 [3 3 2 2]]

[(), (array([0, 2]), array([1, 3])), (array([1, 0]),), ()]

170:
[[0 1 3 3]
 [1 1 3 2]
 [0 0 2 2]]

[(), (array([0, 1]), array([1, 3])), (), (array([0, 2]),)]

171:
[[3 3 1 0]
 [3 1 1 2]
 [0 0 2 2]]

[(), (array([0, 2]), array([1, 3])), (), (array([0, 0]),)]

172:
[[3 3 0 1]
 [3 2 1 1]
 [2 2 0 0]]

[(), (array([0, 3]), array([1, 1])), (), (array([0, 0]),)]

173:
[[3 3 0 0]
 [3 1 0 2]
 [1 1 2 2]]

[(), (array([1, 1]), array([1, 3])), (), (array([0, 0]),)]

174:
[[0 0 3 3]
 [0 1 3 2]
 [1 1 2 2]]

[(), (array([1, 1]), array([1, 3])), (), (array([0, 2]),)]

175:
[[0 2 0 0]
 [3 2 2 1]
 [3 3 1 1]]

[(), (array([1, 3]),), (array([0, 1]), array([1, 0])), ()]

176:
[[0 3 3 1]
 [2 3 1 1]
 [2 2 0 0]]

[(), (array([0, 3]),), (array([1, 0]),), (array([0, 1]),)]

177:
[[3 3 0 1]
 [3 2 1 1]
 [0 2 2 0]]

[(), (array([0, 3]),), (array([1, 1]),), (array([0, 0]),)]

178:
[[3 3 2 0]
 [3 1 2 2]
 [1 1 0 0]]

[(), (array([1, 1]),), (array([0, 2]),), (array([0, 0]),)]

179:
[[3 3 0 0]
 [3 1 2 0]
 [1 1 2 2]]

[(), (array([1, 1]),), (array([1, 2]),), (array([0, 0]),)]

180:
[[2 0 3 3]
 [2 2 3 1]
 [0 0 1 1]]

[(), (array([1, 3]),), (array([0, 0]),), (array([0, 2]),)]

181:
[[0 3 3 0]
 [2 3 0 1]
 [2 2 1 1]]

[(), (array([1, 3]),), (array([1, 0]),), (array([0, 1]),)]

182:
[[0 0 3 3]
 [2 0 3 1]
 [2 2 1 1]]

[(), (array([1, 3]),), (array([1, 0]),), (array([0, 2]),)]

183:
[[2 2 3 3]
 [2 1 3 0]
 [1 1 0 0]]

[(), (array([1, 1]),), (), (array([0, 0]), array([0, 2]))]

184:
[[2 2 0 0]
 [2 1 3 3]
 [1 1 3 0]]

[(), (array([1, 1]),), (), (array([0, 0]), array([1, 2]))]

185:
[[2 2 3 3]
 [2 0 3 1]
 [0 0 1 1]]

[(), (array([1, 3]),), (), (array([0, 0]), array([0, 2]))]

186:
[[2 2 0 0]
 [2 3 3 1]
 [0 3 1 1]]

[(), (array([1, 3]),), (), (array([0, 0]), array([1, 1]))]

187:
[[0 0 2 2]
 [3 3 2 1]
 [3 0 1 1]]

[(), (array([1, 3]),), (), (array([0, 2]), array([1, 0]))]

188:
[[3 3 1 0]
 [3 2 1 1]
 [0 2 2 0]]

[(), (), (array([0, 2]), array([1, 1])), (array([0, 0]),)]

189:
[[0 3 3 0]
 [1 3 2 0]
 [1 1 2 2]]

[(), (), (array([1, 0]), array([1, 2])), (array([0, 1]),)]

190:
[[0 2 2 0]
 [1 2 3 3]
 [1 1 3 0]]

[(), (), (array([1, 0]),), (array([0, 1]), array([1, 2]))]

191:
[[2 2 3 3]
 [2 1 3 0]
 [0 1 1 0]]

[(), (), (array([1, 1]),), (array([0, 0]), array([0, 2]))]

192:
[[1 1 2 2]
 [3 1 4 2]
 [3 3 4 4]]

[(array([0, 0]), array([0, 2])), (), (array([1, 0]), array([1, 2])), ()]

193:
[[1 1 4 4]
 [3 1 4 2]
 [3 3 2 2]]

[(array([0, 0]),), (array([1, 3]),), (array([1, 0]),), (array([0, 2]),)]

194:
[[4 4 1 1]
 [4 2 3 1]
 [2 2 3 3]]

[(array([0, 2]),), (array([1, 1]),), (array([1, 2]),), (array([0, 0]),)]

195:
[[3 3 4 4]
 [3 1 4 2]
 [1 1 2 2]]

[(), (array([1, 1]), array([1, 3])), (), (array([0, 0]), array([0, 2]))]

For 4 x 3 rectangles:
The number of tilings is: 195
