1:
[[0 0 0]
 [0 0 0]
 [0 0 0]]

2:
[[1 1 0]
 [0 1 0]
 [0 0 0]]

3:
[[0 1 1]
 [0 0 1]
 [0 0 0]]

4:
[[0 0 0]
 [1 1 0]
 [0 1 0]]

5:
[[0 0 0]
 [0 1 1]
 [0 0 1]]

6:
[[0 1 0]
 [1 1 0]
 [0 0 0]]

7:
[[0 0 1]
 [0 1 1]
 [0 0 0]]

8:
[[0 0 0]
 [0 1 0]
 [1 1 0]]

9:
[[0 0 0]
 [0 0 1]
 [0 1 1]]

10:
[[1 0 0]
 [1 1 0]
 [0 0 0]]

11:
[[0 1 0]
 [0 1 1]
 [0 0 0]]

12:
[[0 0 0]
 [1 0 0]
 [1 1 0]]

13:
[[0 0 0]
 [0 1 0]
 [0 1 1]]

14:
[[1 1 0]
 [1 0 0]
 [0 0 0]]

15:
[[0 1 1]
 [0 1 0]
 [0 0 0]]

16:
[[0 0 0]
 [1 1 0]
 [1 0 0]]

17:
[[0 0 0]
 [0 1 1]
 [0 1 0]]

18:
[[0 1 1]
 [2 2 1]
 [0 2 0]]

19:
[[1 1 0]
 [0 1 2]
 [0 2 2]]

20:
[[0 1 1]
 [0 2 1]
 [2 2 0]]

21:
[[1 1 0]
 [2 1 0]
 [2 2 0]]

22:
[[2 1 1]
 [2 2 1]
 [0 0 0]]

23:
[[0 1 1]
 [2 0 1]
 [2 2 0]]

24:
[[0 1 1]
 [0 2 1]
 [0 2 2]]

25:
[[0 0 0]
 [2 1 1]
 [2 2 1]]

26:
[[0 1 1]
 [2 2 1]
 [2 0 0]]

27:
[[2 2 0]
 [2 1 1]
 [0 0 1]]

28:
[[0 1 0]
 [1 1 2]
 [0 2 2]]

29:
[[0 0 1]
 [2 1 1]
 [2 2 0]]

30:
[[2 0 0]
 [2 2 1]
 [0 1 1]]

31:
[[2 2 1]
 [2 1 1]
 [0 0 0]]

32:
[[2 2 0]
 [2 1 0]
 [1 1 0]]

33:
[[2 2 0]
 [2 0 1]
 [0 1 1]]

34:
[[0 2 2]
 [0 2 1]
 [0 1 1]]

35:
[[0 0 0]
 [2 2 1]
 [2 1 1]]

36:
[[0 1 0]
 [2 1 1]
 [2 2 0]]

37:
[[0 2 2]
 [1 2 0]
 [1 1 0]]

38:
[[2 2 0]
 [2 1 0]
 [0 1 1]]

39:
[[1 1 0]
 [1 2 2]
 [0 2 0]]

For 3 x 3 rectangles:
The number of tilings is: 39
